                                          (0,28)      (0,29)      (0,30)      (0,31)      (0,32)      (0,33)      (0,34)      (0,35)

                                    (0,27)      (1,24)      (1,25)      (1,26)      (1,27)      (1,28)      (1,29)      (1,30)      (0,36)

                              (0,26)      (1,23)      (2,20)      (2,21)      (2,22)      (2,23)      (2,24)      (2,25)      (1,31)      (0,37)

                        (0,25)      (1,22)      (2,19)      (3,16)      (3,17)      (3,18)      (3,19)      (3,20)      (2,26)      (1,32)      (0,38)

                  (0,24)      (1,21)      (2,18)      (3,15)      (4,12)      (4,13)      (4,14)      (4,15)      (3,21)      (2,27)      (1,33)      (0,39)

            (0,23)      (1,20)      (2,17)      (3,14)      (4,11)      (5, 8)      (5, 9)      (5,10)      (4,16)      (3,22)      (2,28)      (1,34)      (0,40)

      (0,22)      (1,19)      (2,16)      (3,13)      (4,10)      (5, 7)      (6, 4)      (6, 5)      (5,11)      (4,17)      (3,23)      (2,29)      (1,35)      (0,41)

(0,21)      (1,18)      (2,15)      (3,12)      (4, 9)      (5, 6)      (6, 3)      (7, 0)      (6, 0)      (5, 0)      (4, 0)      (3, 0)      (2, 0)      (1, 0)      (0, 0)

      (0,20)      (1,17)      (2,14)      (3,11)      (4, 8)      (5, 5)      (6, 2)      (6, 1)      (5, 1)      (4, 1)      (3, 1)      (2, 1)      (1, 1)      (0, 1)

            (0,19)      (1,16)      (2,13)      (3,10)      (4, 7)      (5, 4)      (5, 3)      (5, 2)      (4, 2)      (3, 2)      (2, 2)      (1, 2)      (0, 2)

                  (0,18)      (1,15)      (2,12)      (3, 9)      (4, 6)      (4, 5)      (4, 4)      (4, 3)      (3, 3)      (2, 3)      (1, 3)      (0, 3)

                        (0,17)      (1,14)      (2,11)      (3, 8)      (3, 7)      (3, 6)      (3, 5)      (3, 4)      (2, 4)      (1, 4)      (0, 4)

                              (0,16)      (1,13)      (2,10)      (2, 9)      (2, 8)      (2, 7)      (2, 6)      (2, 5)      (1, 5)      (0, 5)

                                    (0,15)      (1,12)      (1,11)      (1,10)      (1, 9)      (1, 8)      (1, 7)      (1, 6)      (0, 6)

                                          (0,14)      (0,13)      (0,12)      (0,11)      (0,10)      (0, 9)      (0, 8)      (0, 7)